[0] losses: [20.345  0.144 35.55  31.949 -2.756]
[1] losses: [ 8.359  0.046  6.269  6.791 -6.04 ]
[2] losses: [ 4.786 -0.392  3.106  3.192 -9.297]
[3] losses: [ 3.04  -0.938  2.336  2.259 -7.962]
[4] losses: [ 1.87  -1.508  1.929  1.936 -7.002]
[0] losses: [20.766  0.07  28.585 20.082 -7.605]
[1] losses: [ 5.517  0.13   7.295  6.63  -7.244]
[2] losses: [ 0.999 -0.277  3.697  3.503 -8.045]
[3] losses: [-0.996 -0.853  2.77   2.613 -7.017]
[4] losses: [-2.148 -1.441  2.232  2.182 -7.769]
[5] losses: [-2.851 -2.041  1.912  1.89  -7.111]
[6] losses: [-3.091 -2.594  1.698  1.66  -8.517]
[7] losses: [-3.525 -3.234  1.618  1.549 -6.06 ]
[8] losses: [-3.618 -3.789  1.457  1.414 -6.462]
[9] losses: [-3.52  -4.297  1.314  1.268 -8.139]
[10] losses: [-3.759 -4.883  1.222  1.169 -7.261]
[11] losses: [-3.667 -5.429  1.1    1.074 -7.524]
[12] losses: [-3.498 -5.981  1.     0.966 -8.055]
[13] losses: [-3.738 -6.503  1.     0.967 -7.665]
[14] losses: [-3.445 -7.022  0.898  0.858 -8.081]
[15] losses: [-3.518 -7.575  0.892  0.861 -7.017]
[16] losses: [-3.374 -8.127  0.821  0.782 -6.951]
[17] losses: [-3.21  -8.723  0.819  0.778 -6.636]
[18] losses: [-2.965 -9.191  0.794  0.767 -7.247]
[19] losses: [-2.997 -9.719  0.783  0.753 -7.644]
[20] losses: [ -2.868 -10.278   0.724   0.688  -7.328]
[21] losses: [ -2.775 -10.761   0.714   0.669  -7.52 ]
[22] losses: [ -2.46  -11.256   0.647   0.619  -7.73 ]
[23] losses: [ -2.425 -11.752   0.666   0.619  -7.896]
[24] losses: [ -2.395 -12.352   0.608   0.585  -6.638]
[25] losses: [ -2.184 -12.946   0.672   0.637  -7.879]
[26] losses: [ -2.055 -13.245   0.545   0.506  -7.492]
[27] losses: [ -1.779 -13.86    0.542   0.516  -7.92 ]
[28] losses: [ -1.783 -14.412   0.536   0.507  -7.632]
[29] losses: [ -1.437 -14.855   0.505   0.478  -8.382]
[30] losses: [ -1.463 -15.488   0.519   0.488  -7.484]
[31] losses: [ -1.376 -15.754   0.498   0.459  -8.398]
[32] losses: [ -1.379 -16.388   0.477   0.456  -6.7  ]
[33] losses: [ -1.003 -16.599   0.452   0.423  -9.199]
